                                                      2                                                                                                                                                                    
                                    22           2     2                                                                                                                                                                   
                                     2                 2                                                                                                                                                                   
                                     2                  2                                                                                                                                                                  
                                     222  22 2  22    222 22 22  2222 22                                                                                                                                                   
                                     2  2  2      2  2  2  2  2   2  2  2                                                                                                                                                  
                                     2  2  2    222  2  2  2  2   2  2  2                                                                                                                                                  
                                     2  2  2   2  2  2  2  2  2   2  2  2                                                                                                                                                  
                                     222  222   2 22  22    2222 222 2 222                                                                                                                                                 
                                                                                                                                                                                                                           
                                                                                                                                                                                                                           
                                                                                                                                                                                                                           
                                                                                                                                                                                                                           
                                                                                                                                                                                                                           
                                                                                                                                                                                                                           
                                                                                                                                                                                                                           
                                                                                                                                                                                                                           
                                                                                                                                                                                                                           
                                                                                                                                                                                                                           
                                                                                                                                                                                                                           
                                                                                                                                                                                                                           
                                                                                                                                                                                                                           
                                                                                                                                                                                                                           
                                                                                              33                                                                                                                           
                                                                                               3                                                                                                                           
                                                                                               3                                                                                                                           
                                                                                               3 33  33  3333 33   33 33  33 3                                                                                             
                                                                                               3 3  3  3  3  3  3   3  3   3                                                                                               
                                                                                               3    3333  3  3  3   3  3   3                                                                                               
                                                                                               3 3  3     3  3  3   3  3   3                                                                                               
                                                                                              33333  33  333 3 333   3333 333                                                                                              
                                                                                                                                                                                                                           
                                                                                                                                                                                                                           
                                                                                                                                                                                                                           
                                                                                                                                                                                                                           
                                                                                                                                                                                                                           
                                                                                                                                                                                                                           
                                                                                                                                                                                                                           
                                                                                                                                                                                                                           
                                                                                                                                                                                                                           
                                                                                                                                                                                                                           
                                                                                                                                                                                                                           
                                                                                                                                                                                                                           
                                                                                                                                                                                                                           
                                                                                                                                                                                                                           
                                                                                                                                                               4  44                                                       
                                                                                                                                                                   4   4                                                   
                                                                                                                                                                   4                                                       
                                                                                                                                                         444  44   4   4  4444                                             
                                                                                                                                                        4    4  4  4  44   4  4                                            
                                                                                                                                                         44  4  4  4   4   4  4                                            
                                                                                                                                                           4 4  4  4   4   4  4                                            
                                                                                                                                                        444   44  444 444 444 44                                           
                                                                                                                                                                                                                           
                                                                                                                                                                                                                           
                                                                                                                                                                                                                           
                                                                                                                                                                                                                           
                                                                                                                                                                                                                           
                                                                                                                                                                                                                           
                                                                                                                                                                                                                           
                                                                                                                                                                                                                           
                                                                                                                                                                                                                           
                                                                                                                                                                                                                           
                                                                                                                                                                                                                           
                                                                                                                                                                                                                           
                                                                                                                                                                                                                           
                                                                                                                                                                                                                           
                                                                                                                                                                                                                           
                                                                                                                                                                                                                           
                                                                                                                                                                                                                           
                                                                                                                                                                                                                           
                                                                                                                                                                                                                           
                                                                                                                                                                                                                           
                                                                                                                                                                                                                           
                                                                                                                                                                                                                           
                                                                                                                                                                                                                           
                                                                                                                                                                                                                           
                                                                                                                                                                                                                           
                                                                                                                                                                                                                           
                                                                                                                                                                                                                           
                                                                                                                                                                                                                           
                                                                                                                                                                                                                           
                                                                                                                                                                                                                           
                                                                                                                                                                                                                           
                                                                                                                                                                                                                           
                                                                                                                                                                                                                           
                                                                                                                                                                                                                           
                                                                                       4                                                                                                                                   
                                                                 4                    4                                       4                                                                                            
  444                     4               44                      4            4           44          44  44                  4            4                                                                             4
 4                        4   4444444  4   4   4    444           4     4444          444   4           4   4   4       4      4    444          4           4444  4          4444                                    44  4
 4                             4 4  4  4   4         444           4   4   4         4  4   4           4   4   4      444      4    4           4          4   4              4  4                                  4  4  
444444 4  44  4444 44         4  4    444  4   4     4  4  44    444   44     44    4    4  444    44   4   4  444     4 4    444    4     44   444  44     44     4   4444    4   4 44 4  44  44 44 4444 44    44      4  
 4   4   4  4  4  4  4        4  444   4   4  44     4  4    4  4  4    444  4  4   4    4  4  4  4  4  4   4   4     44 4   4  4    4       4   4     4     444  44  4  4     4   4  4   4  4  4 4   4  4  4     4   44   
 4   4   4  4  4  4  4       44444     4   4   4     444   444  4  4       4 4444   4    4  4  4  4  4  4   4   4     44444  4  4    4  4  444   4   444        4  4   44      4   4  4   4444  4 4   4  4  4   444   4    
 4   4   4  4  4  4  4       4   4  4  4   4   4     4    4  4  4  4   4   4 4       4  4   4  4  4  4  4   4   4     4   4  4  4    4  4 4  4   4  4  4    4   4  4   4       4  4   4   4      4    4  4  4  4  4        
444 444   44  444 4 444     44  44444   4 444 444   444    4 44  44    4444   44     4444  444 44  44  444 444   4   444 444  44    44444  4 44   4  4 44   4444  444  4444   4444   444   44    4   444 4 444  4 44  4    
                                                                                                                                                                      4   4                     4                          
                                                                                                                                                                      4444                     44                          
                                                                                                                                                                                                                           
                                                                                                                                                                                                                           
                                                                                                                                                                                                                           
                                                                                                                                                                                                                           
                                                                                                                                                                                                                           
                                                                                                                                                                                                                           
                                                                                                                                                                                                                           
                                                                                                                                                                                                                           
                                                                                                                                                                                                                           
                                                                                                                                                                                                                           
                                                                                                                                                                                                                           
                                                                                                                                                                                                                           
                                                                                                                                                                                                                           
                                                                                                                                                                                                                           
                                                                                                                                                                                                                           
                                                                                                                                                                                                                           
                                                                                                                                                                                                                           
                                                                                                                                                                                                                           
                                                                                                                                                                                                                           
                                                                                                                                                                                                                           
                                                                                                                                                                                                                           
                                                                                                                                                                                                                           
                                                                                                                                                                                                                           
                                                                                                                                                                                                                           
                                                                                                                                                                                                                           
                                                                                                                                                                                                                           
                                                                                                                                                                                                                           
                                                                                                                                                                                                                           
                                                                                                                                                                                                                           
                                                                                                                                                                                                                           
                                                                                                                                                                                                                           
                                                                                                                                                                                                                           
                                                                                                                                                                                                                           
                                                                                                                                                                                                                           
                                                                                                                                      44                          44                              44    44                 
                                                                                                                                       4            444 44         4                 444  444  4   4     4                 
                                                                                                                                       4             4  4          4                  44  44       4     4                 
                                                                                                                                       444  44 44    4 4    4444   4   44   4444      4 44 4   4   4 44  4   44            
                                                                                                                                       4  4  4 4     444     4  4  4     4   4  4     4 44 4  44   4 4   4     4           
                                                                                                                                       4  4  4 4     4  4   44444  4   444   4  4     4 44 4   4   4     4   444           
                                                                                                                                       4  4   4      4   4 4 4     4  4  4   4  4     4 44 4   4   4 4   4  4  4           
                                                                                                                                       444    4     444  4444 44  444  4 44 444 44   444  444 444 44444 444  4 44          
                                                                                                                                             4                                                                             
                                                                                                                                            44                                                                             
                                                                                                                                                                                                                           
                                                                                                                                                                                                                           
                                                                                                                                                                                                                           
                                                                                                                                                                                                                           
                                                                                                                                                                                                                           
                                                                                                                                                                                                                           
                                                                                                                                                                                                                           
                                                                                                                                                                                                                           
                                                                                                                                                                                                                           
                                                                                                                                                                                                                           
                                                                                                                                                                                                                           
                                                                                                                                                                                                                           
                                                                                                                                                                                                                           
                                                                                                                                                                                                                           
                                                                                                                                                                                                                           
                                                                                                                                                                                                                           
                                                                                                                                                                                                                           
                                                                                                                                                                                                                           
                                                                                                                                                                                                                           
                                                                                                                                                                                                                           
                                                                                                                                                                                                                           
                                                                                                                                                                                                                           
                                                                                                                                                                                                                           
                                                                                                                                                                                                                           
                                                                                                                                                                                                                           
                                                                                                                                                                                                                           
                                                                                                                                                                                                                           
                                                                                                                                                                                                                           
                                                                                                                                                                                                                           
                                                                                                                                                                                                                           
                                                                                                                                                                                                                           
                                                                                                                                                                                                                           
                                                                                                                                                                                                                           
                                                                                                                                                                                                                           
                                                                                                                                                                                                                           
                                                                                                                                                                                                                           
                                                                                                                                                                                                                           
                                                                                                                                                                                                                           
                                                                                                                                                                                                                           
                                                                                                                                                                                                                           
                                                                                                                                                                                                                           
                                                                                                                                                                                                                           
                                                                                                                                                                                                                           
                                                                                                                                                                                                                           
                                                                                                                                                                                                                           
                                                                                                                                                                                                                           
                                                                                                                                                                                                                           
                                                                                                                                                                                                                           
                                                                                                                                                                                                                           
                                                                                                                                                                                                                           
                                                                                                                                                                                                                           
                                                                                                                                                                                                                           
                                                                                                                                                                                                                           
                                                                                                                                                                                                                           
                                                                                                                                                                                                                           
                                                                                                                                                                                              11                           
                                                                                                                                                                                              11                           
                                                                                                                                                                                              11                           
                                                                                                                                                                                              11                           
                                                                                                                                                                                              11                           
                                                                                                                                                                                              11                           
                                                                                                                                                                                              11                           
                                                                                                                                                                                              1                            
                                                                                                                                                                                              1                            
                                                                                                                                                                                              1                            
                                                                                                                                                                                             11                            
                                                                                                                                                                                             11                            
                                                                                                                                                                                             11                            
                                                                                                                                                                                             11                            
                                                                                                                                                                                             1                             
                                                                                                                                                                                             1                             
                                                                                                                                                                                             1                             
                                                                                                                                                                                             1                             
                                                                                                                                                                                            11                             
                                                                                                                                                                                            11                             
                                                                                                                                                                                            11                             
                                                                                                                                                                                            11                             
                                                                                                                                                                                            11                             
                                                                                                                                                                                            1                              
                                                                                                                                                                                            1                              
                                                                  1                                                                                                                         1                              
                                                                  1                                                                                                                        11                              
                                                                  1                                                                                                                        11                              
                                                                  1                                                                                                                        11                              
                                                                 1                                                                                                                         11                              
                                                                 1                                                                                                                         11                              
                                                                 1                                                                                                                         11                              
                                                                 1                                                                                  1                                      11                              
                                                                 1                                                                                  1                                      11                              
                                                                1                                                                                   1                                     111                              
                                                                1                                                                                   1                                     111                              
                                                                1                                                                                  11                                     111                              
                                                                1                                                                                  11                                     1111                             
                                                                1                                                                                  11                                    111111                            
                                                                1                                                                                 11                                    1111111                            
                                                               1                                                                                  11                                    11111111                           
                                                               1                                                                                  11                                    11111111                           
                                                               1                                                                                 11                                   1111111111                           
                                                               1                                                                                 11                                  11111111111                           
                                                               1                                                                                 1                                   11111111111                           
                                                               1                                                                                 1                               111111111111111111                        
                                                              11                                                                                 1                            1111111111111111111111                       
                                                              1                                                                                  1                            11111111111111111111111                      
                                                              1                                                                                 11                            111111111111111111111111                     
                                                              1                                                                                 1             1111111         111111111111111111111111                     
                                                              1                                                                                 1         1  11111111          111111111111111111111111                    
                                                             11                                                                                 1         11111111111          111111111111111111111111                    
                                                             11                                                                                 1         11111   111           11111111111111111111111                    
                                                             11                                                                                1          11111111111111        11111111111111111111111                    
                                                             1                                                                                 1          111111111111111    11111111111111111111111111                    
                                                             1                                                                                 1          111111111111111  111111111111111111111111111                     
                                                            11                                                                                11          11111111111111111111111111111111111111111111                     
                                                            11                                                                                1              11111111111111111111111111111111111111111                     
                                                           111                                                                                1               1111111111111111111111111111111111111111                     
                                                          11111                                                                              11                1111111111111111111111111111111111111111                    
                                                         111111                                                                              11                 111111111111111111111111111111111111111                    
                                                        1111111                                                                              11                    1111111111111111111111111111111111111                   
                                                       11111111                                                                             111                        111111111111111111111111111111111                   
                                                      1111 1111                                                                   111       1111                        11111111111111111111111111111111                   
                                                     1111  1111                                                                11111111     1111                         1111111111111111111111111111111                   
                                                    1111   11111                                                             11111111111   1111                           1111111111111111111111111111111                  
                                                   1111   111111                                                            111111111111   111                           11111111111111111111111111111111                  
                                                  11111   111111                                                            1111111111111  111                         1 11111111111111111111111111111111                  
                                                 111111  1111111                                                            11111111111111111                            1111111111111111111111111111111                   
                                                11111111111111111                                                          111111111111111111                             111111111111111111111111111111                   
                                                11111111111111111                                                          111111111111111111                               1111111111111111111111111111                   
                                              1111111111111111111                                                          1 1111111111111111                               1111111111111111111111111111                   
                                           11111111111111111111111                                                         1 111111111111111                                1111111111111111111111111111                   
                                          111111111111111111111111                                                         1 111111111111111                                1111111111111111111111111111                   
                                          111111111111111111111111                                                         11111111111111111                                1111111111111111111111111111                   
                                          111111111111111111111111                                                          1111111111111111                                 11111111111111111111111111                    
                                          1111111111111111   11111                                                        1 11111111111111111                                11111111111111111111111111                    
                                         11111111111111111   1111                                                         1 11111111111111111                                11111111111111111111111111                    
                                        111111111111111111   1111                                                        11 111111111111111111                               1111111111111111111111111                     
                                         11111111111111111  11111                                                        11 111111111111111111                             111111111111111111111111111                     
                                         1111111111111111  111111                                                        1  111111111111111111                            111111111111111111111111111                      
                                         111111111111111111111111                                                        1  111111111111111111                           111111111111111111111111111                       
                                        1111111111111111111111111                                                        1  111111111111111111                           111111111111111111111111111                       
                                        1111111111111111111111111                                                       1  1111111111111111111                     1   1111111111111111111111111111                        
                                        1111111111111111111111111                                                         11111111111111111111                  11111111111111111111111111111111111                        
                                       1111111111111111111111111                                                          11111111111111111111                1111111111111111111111111111111111111                        
                                       1111111111111111111111111                                                         11111111111111111111                11111111111111111111111111111111111111                        
                                        111111111111111111111111                                                         11111111111111111111               111111111111111111111111111111111111111                        
                                        11111111111111111111111                                                          11111111111111111111               111111111111111111111111111111111111111                        
                                        11111111111111111111111                                                          11111111111111111111              1111111111111111111111111111111111111111                        
                                        11111111111111111111111                                                       11111111111111111111111             11111111111111111111111111111111111111111                        
                                        1111111111111111111111                                                        1111111111111111111111               11111111111111111111111111111111111111111                       
                                        1111111111111111111111                                                        1111111111111111111111                1111111111111111111111111111111111111111                       
                                       11111111111111111111111                                                        1111111111111111111111            11 11111111111111111111111111111111111111111                       
                                      11111111111111111111111                                                         11111111111111111111               1 11111111111111111111111111111111111111111                       
                                      11111111111111111111111                                                        11111111111111111111               11111111111111111111111111111111111111111111                       
                                   111111111111111111111111111                                                     1111111111111111111111               11111111111111111111111111111111111111111111                       
                                  1111111111111111111111111111                                                     111111111111111111111               111111111111111111111111111111111111111111111                       
                             11   1111111111111111111111111111                                                    1  1111111111111111111              1111111111111111111111111111111111111111111111                       
                             11  11111111111111111111111111111                                                   1  11111111111111111111              1111111111111111111111111111111111111111111111                       
                              11111111111111111111111111111111                                                  1   11111111111111111111              1111111111111111111111111111111111111111111111                       
                              11111111111111111111111111111111                                                1111 111111111111111111111              11111111111111111111111111111111111111111111111                      
                              11111111111111111111111111111111                                               111111111111111111111111111             111111111111111111111111111111111111111111111111                      
                              11111111111111111111111111111111                                               111111111111111111111111111              11111111111111111111111111111111111111111111111                      
                              11111111111111111111111111111111                                              1111111111111111111111111111               1111111111111111111111111111111111111111111111                      
                              11111111111111111111111111111111                                              11111111111111111111111111111              1111111111111111111111111111111111111111111111                      
                              11111111111111111111111111111111                                             111111111111111111111111111111             11111111111111111111111111111111111111111111111                      
                             1111111111111111111111111111111111                                            111111111111111111111111111111            111111111111111111111111111111111111111111111111                      
                            11111111111111111111111111111111111                                       1  11111111111111111111111111111111          11111111111111111111111111111111111111111111111111                      
                           111111111111111111111111111111111111                                      111111111111111111111111111111111111         111111111111111111111111111111111111111111111111111                      
                          1111111111111111111111111111111111111                                      111111111111111111111111111111111111         11111111111111111111111111111111111111111111111111                       
                          11111111111111111111111111111111111111                                 1111111111111111111111111111111111111111          11111111111111   11111111111111111111111111111111                       
                          11111111111111111111111111111111111111                                 1111111111111111111111111111111111111111             1111111111    11111111111111111111111111111111                       
                         111111111111111111111111111111111111111                                 1111111111111111111111111111111111111111             111111111   1111111111111111111111111111111111                       
                         1111111111111111111111111111111111111111                                1111111111111111111111111111111111111111            111111111    1111111111111111111111111111111111                       
                       111111111111111111111111111111111111111111                                1111111111111111111111111111111111111111        11  111111111 1  111111111111111111111111111111111                        
                        11111111111111111111111111111111111111111                                1111111111111111111111111111111111111111         1111111 11111111111111111111111111111111111111111                        
                       111111111111111111111111111111111111111111                                111111111111111111111111111111111111111          111111    11111 111111111111111111111111111111111                        
                        111111111111111111111111111111111111111111                               111111111111111111111111111111111111111           111              1111111111111111111111111111111                        
                        111111111111111111111111111111111111111111                               111111111111111111111111111111111111111                             111111111111111111111111111111                        
                        111111111111111111111111111111111111111111                               11111111111111111111111111111111111111                              111111111111111111111111111111                        
                        111111111111111111111111111111111111111111                               11111111111111111111111111111111111111                               11111111111111111111111111111                        
                        111111111111111111111111111111111111111111                              111111111111111111111111111111111111111                              111111111111111111111111111111                        
                      11111111111111111111111111111111111111111111                             1111111111111111111111111111111111111111                              111111111111111111111111111111                        
                    1111111111111111111111111111111111111111111111                          1111111111111111111111111111111111111111111                               11111111111111111111111111111                        
                   11111111111111111111111111111111111111111111111                         1111111111111111111111111111111111111111111                                111111111111111111111111111111                       
                   11111111111111111111111111111111111111111111111                         1111111111111111111111111111111111111111111                                 11111111111111111111111111111                       
                  111111111111111111111111111111111111111111111111                             111111111111111111111111111111111111111                                  111111111111111111111111111                        
                1111111111111111111111111111111111111111111111111                                1111111111111111111111111111111111111                                  1111111  1111111111111111111                       
                1111111111111111111111111111111111111111111111111                                 111111111111111111111111111111111111                                 11111111    11111111111111111                       
                1111111111111111111111111111111111111111111111111                                  11111111111111111111111111111111111                                 11111111     1111111111111111                       
                111111111111111111111111111111111111111111111111                                   11111111111111111111111111111111111                                 1111111      11    1111111111                       
                11 111111111111111111111111111111111111111111111                                11111111111111111111111111111111111111                                 1111111               1111111                       
                11        1111111111111111111111111111111111111                                 11111111111111111111111111111111111111                                 1111111               1111111                       
                           111111111111111111111111111111111111                                  1111111111111111111111111111111111111                                 1111111               1111111                       
                            11111111111111111111111111111111111                                  1111111111111111111111111111111111111                                11111111               11111111                      
                              11111111111111111111111111111111                                    111111111111111111111111111111111111                                1111111                11111111                      
                                    11111111111111111111111111                                     11111111111111111111111111111111111                                1111111                11111111                      
                                    11111111111111111111111111                                      1111111111111111111111111111111111                                 111111                11111111                      
                                    11111111111111111111111111                                        111111111111111111 1111111111111                                 111111                 1111111                      
                                     1111111111111111111111111                                               11111111111   11111111111                                1111111                 1111111                      
                                      1111111111111111111111111                                               1111111111    1 11111111                                1111111                 1111111                      
                                       111111111111111111111111                                                  1111111    1  1111111                                111111                  1111111                      
                                        111111111111111111111111                                                 111111        1111111                                111111                  1111111                      
                                          1111111111111111111111                                                 11111          111111                                111111                  1111111                      
                                           1111111111111111111111                                                11111           11111                                111111                  1111111                      
                                           11111111    1111111111                                                11111           11111                                111111                  1111111                      
                                           11111111     111111111                                               111111          111111                                11111                    111111                      
           111111111111                   111111111      11111111                                               111111          111111                                11111                    111111                      
           111111111111111111111111111 111111111111      11111111                                               11111           111111                               111111                    11111                       
           1111111111111111111111111111111111111111      111111111                                              11111           111111                              1111111                    111111                      
           11111111111111111111111111111111111111111111111111111111                                            111111           111111                              11111111                   111111                      
           1111111111111111111111111111111111111111111111111111111111111111111111111          11111111111111111111111           111111                              11111111                   111111                      
           11111111111111111111111111111111111111111111111111111111111111111111111111111111111111111111111111111111111111111111111111111111                        1111111111                 1111111                      
           1111111111111111111111111111111111111111111111111111111111111111111111111111111111111111111111111111111111111111111111111111111111111111111111111     11111111111111111111        11111111                      
           1111111111111111111111111111111111111111111111111111111111111111111111111111111111111111111111111111111111111111111111111111111111111111111111111111111111111111111111111111111111111111111111111111            
           1111111111111111111111111111111111111111111111111111111111111111111111111111111111111111111111111111111111111111111111111111111111111111111111111111111111111111111111111111111111111111111111111111            
           1111111111111111111111111111111111111111111111111111111111111111111111111111111111111111111111111111111111111111111111111111111111111111111111111111111111111111111111111111111111111111111111111111            
           1111111111111111111111111111111111111111111111111111111111111111111111111111111111111111111111111111111111111111111111111111111111111111111111111111111111111111111111111111111111111111111111111111            
           1111111111111111111111111111111111111111111111111111111111111111111111111111111111111111111111111111111111111111111111111111111111111111111111111111111111111111111111111111111111111111111111111111            
           1111111111111111111111111111111111111111111111111111111111111111111111111111111111111111111111111111111111111111111111111111111111111111111111111111111111111111111111111111111111111111111111111111            
           1111111111111111111111111111111111111111111111111111111111111111111111111111111111111111111111111111111111111111111111111111111111111111111111111111111111111111111111111111111111111111111111111111            
           1111111111111111111111111111111111111111111111111111111111111111111111111111111111111111111111111111111111111111111111111111111111111111111111111111111111111111111111111111111111111111111111111111            
           1111111111111111111111111111111111111111111111111111111111111111111111111111111111111111111111111111111111111111111111111111111111111111111111111111111111111111111111111111111111111111111111111111            
           1111111111111111111111111111111111111111111111111111111111111111111111111111111111111111111111111111111111111111111111111111111111111111111111111111111111111111111111111111111111111111111111111111            
           1111111111111111111111111111111111111111111111111111111111111111111111111111111111111111111111111111111111111111111111111111111111111111111111111111111111111111111111111111111111111111111111111111            
           1111111111111111111111111111111111111111111111111111111111111111111111111111111111111111111111111111111111111111111111111111111111111111111111111111111111111111111111111111111111111111111111111111            
           1111111111111111111111111111111111111111111111111111111111111111111111111111111111111111111111111111111111111111111111111111111111111111111111111111111111111111111111111111111111111111111111111111            
           1111111111111111111111111111111111111111111111111111111111111111111111111111111111111111111111111111111111111111111111111111111111111111111111111111111111111111111111111111111111111111111111111111            
